 nu     =  (  5.0000000000000000     ,  0.0000000000000000     )
 z      =  (  1.0000000000000000     , -3.0000000000000000     )
 H1(z)  =  (  4.8633609158773017E-002,-0.38415302012068508     )
 H1'(z) =  (-0.76283031870373819     , 0.91088743017926599     )
 H2(z)  =  ( 0.17165534620557710     , 0.44673942203255679     )
 H2'(z) =  ( 0.74816063003042066     ,-0.50054823177533725     )
 J(z)   =  ( 0.11014447768217506     ,  3.1293200955935851E-002)
 J'(z)  =  ( -7.3348443366587635E-003, 0.20516959920196437     )
 Y(z)   =  (-0.41544622107662094     ,  6.1510868523402040E-002)
 Y'(z)  =  ( 0.70571783097730156     , 0.75549547436707942     )
 
 z      =  (  1.0000000000000000     , -3.0000000000000000     )
 Ai(z)  =  (-0.48334942154852839     ,-0.43306497474801187     )
 Ai'(z) =  (  1.1323729970726835     , 0.17173877862545231     )
